time,x,y,z,phi,theta,psi,x_velocity,y_velocity,z_velocity,phi_velocity,theta_velocity,psi_velocity,rotor_speed1,rotor_speed2,rotor_speed3,rotor_speed4
0.06,-4.695193232e-06,3.74364775818e-06,10.0039636403,0.00110076764712,0.000979077552054,0.0,-0.000273960650287,0.000231255168575,0.132114367744,0.0103556539943,-0.0121054209848,0.0,448.08265569141116,447.0977128376788,445.9327330537092,446.777636095507
0.12000000000000001,-4.69230507963e-05,4.55425547241e-05,10.0154519505,0.00238785049852,0.00200320627804,0.0,-0.00125743259821,0.00128868741736,0.250809597587,0.0181739097223,-0.0278483248863,0.0,444.19990577164435,442.9073050564697,441.7664532112714,442.41042788119483
0.18,-0.000182094473915,0.000203400468029,10.0349197719,0.00960694002214,0.00619979587164,0.0,-0.00367803996773,0.00473185546124,0.398072316922,0.0441193058666,-0.00248640751647,0.0,450.4057995404294,452.4519573058342,450.9979084512037,453.08850328602887
0.23999999999999996,-0.000548056779489,0.000719379931868,10.0641281116,0.0122433413937,0.0066936865626,0.0,-0.00858770852415,0.0127667849037,0.575462321067,0.043306020735,-0.012552541467,0.0,461.03208192126374,460.2362750645686,461.4208183126574,461.35762589310366
0.3,-0.00119913161799,0.00174827091272,10.1015532504,0.0150801796871,0.00612546540468,0.0,-0.013062929314,0.0218236080535,0.671986347716,0.0366233036936,-0.0186138311746,0.0,436.00499233909767,435.49847185533457,436.885574733641,436.32903572048906
0.36000000000000004,-0.0021203492207,0.0033890815025,10.1453248477,0.0182215896185,0.00788229756053,0.0,-0.0178476913311,0.0332087319656,0.786987209998,0.0247123187871,-0.0384225294594,0.0,442.8034516750936,441.17098664907013,442.8036628013532,441.823294516408
0.4200000000000001,-0.00337724865225,0.00580689775571,10.1978744442,0.0197384085037,0.00932881164436,0.0,-0.0241893807216,0.0475533913804,0.964528106449,0.0258637724483,-0.0183702860703,0.0,459.7170404246162,461.302622767646,462.53619455780074,462.6269329037505
0.48000000000000015,-0.00503783395704,0.00907917639021,10.2590097804,0.0212821863382,0.012555080816,0.0,-0.03152071044,0.0616818265628,1.07321285224,0.0239748734068,-0.0423927280808,0.0,442.36016441261785,440.3776024572567,440.0230446100861,439.8667817819493
0.5400000000000001,-0.00714514183199,0.0131652548505,10.3236168277,0.0227564741494,0.0100270131685,0.0,-0.0384991693526,0.0746495638109,1.08034807961,0.0251697011251,-0.0417763473227,0.0,406.99117564934204,407.0451887020137,408.1731616590234,408.27990617302385
0.6000000000000002,-0.00969912125322,0.0182320491135,10.3954122598,0.0291024015958,0.00911083533963,0.0,-0.0465381880047,0.0949814717859,1.31257696639,0.0480886205399,-0.0568434325304,0.0,479.46237317253696,478.31527504193565,476.77730764743274,478.525322560284
0.6600000000000003,-0.0126572105581,0.0245184397394,10.4759354567,0.0355578485243,0.00604703270972,0.0,-0.05176519877,0.115163143169,1.37144310772,0.0676212784234,-0.0514819576086,0.0,425.80777866935915,426.26396697073676,424.12987922555396,425.8061630446769
0.7200000000000003,-0.0158807629777,0.0322331963343,10.5619624105,0.0461657049784,0.00308256895405,0.0,-0.0553694755113,0.143140992118,1.4959213586,0.0383583261724,-0.0486356242993,0.0,446.79171035186226,447.02208514233047,447.5707150277336,445.18530562331256
0.7800000000000004,-0.0192545664184,0.0417071019278,10.6530427738,0.0485609576857,0.000905927726906,0.0,-0.0568964301515,0.172881241164,1.54001987122,0.0335957150691,-0.0593448821053,0.0,422.94273644227485,422.01751497035247,420.29902113257367,419.88679435406976
0.8400000000000004,-0.0226747067982,0.053317279194,10.7518796056,0.0641189698354,6.28054314073,0.0,-0.0566894015709,0.215912012955,1.7541351487,0.0727255083762,-0.0622635752969,0.0,474.98761677202884,474.7614250809415,472.3271698833273,475.33634891135614
0.9000000000000005,-0.0260317052588,0.06769354343,10.8613384295,0.068554971015,0.000184491529286,0.0,-0.0555486866245,0.263757242482,1.89423357159,0.0747090131271,-0.0915520470848,0.0,452.9426633667726,450.57723313119266,454.02009038782114,454.1832533979025
0.9600000000000005,-0.0293530957817,0.0848844872669,10.9769804317,0.0733905224619,6.27936908248,0.0,-0.054763827749,0.309727889969,1.9603492345,0.0801268783791,-0.0793164510343,0.0,429.8642764215842,430.8931950169504,429.6532715823474,430.1171827748325
1.0200000000000005,-0.0325516202792,0.104969314496,11.09680562,0.0842904681058,6.2764837226,0.0,-0.0515571285413,0.360850914172,2.03359973129,0.0518613245572,-0.0654744274231,0.0,431.8301367910349,432.99158543670086,434.40276962055094,432.03023819038276
1.0800000000000005,-0.0355260364824,0.128315626682,11.2210661581,0.0885689370955,6.27995276422,0.0,-0.0479637785768,0.417753709559,2.10823909555,0.062554508682,-0.0964933759751,0.0,435.2572970274645,432.64887710866935,433.0230518835635,433.9237731122871
1.1400000000000006,-0.0383203192281,0.155477784791,11.3531252561,0.0967194242162,6.2776766165,0.0,-0.0449439719822,0.488576355494,2.29327169588,0.0383518779584,-0.118262363534,0.0,468.6526344546432,466.9487882328762,469.83188130806184,467.9536091581801
1.2000000000000006,-0.0408889899285,0.186698683077,11.4922992578,0.108130196715,6.27144710789,0.0,-0.0400961257949,0.55321998447,2.34561914906,0.0040670267434,-0.129729116888,0.0,428.04121068559493,427.05013285192547,429.771726271214,426.85628284247656
1.2600000000000007,-0.0430282869082,0.22209687196,11.6355184646,0.114520609994,6.26380749012,0.0,-0.0304496293537,0.627300451568,2.42808364256,0.0300516933017,-0.126601274998,0.0,437.86013695996644,438.10485870246083,437.2860834856727,439.44520511423565
1.3200000000000007,-0.0444540702779,0.261946940707,11.7827336215,0.117160296458,6.25620051854,0.0,-0.0163556595338,0.7012702443,2.47891334084,0.0187604702262,-0.128168979699,0.0,428.0570032478553,427.90815030788286,429.5340929294525,428.5756659362372
1.3800000000000008,-0.044725234211,0.306946682569,11.9386462657,0.118895473121,6.24850214313,0.0,0.00824746573114,0.798843131471,2.7175549202,0.0261967159035,-0.130043329952,0.0,486.6783422574856,486.52443676622124,486.1239088558422,486.6807531931661
1.4400000000000008,-0.0434156006731,0.357690802744,12.1075679306,0.121547500143,6.24954759327,0.0,0.0352268806335,0.892876672926,2.91261999841,0.0135481841133,-0.163851118802,0.0,475.6701282263756,473.0567373567769,476.17615602159736,475.20758243446556
1.5000000000000009,-0.0404068289825,0.414334477486,12.2897945492,0.124745430546,6.24012914378,0.0,0.0662051651286,0.995517711981,3.16081364325,0.0293082258869,-0.172190623508,0.0,491.9533318245425,491.31180816550165,491.0220734480505,492.1897761997233
1.560000000000001,-0.0354683487205,0.476751989663,12.4832575518,0.126842024281,6.23185551702,0.0,0.099291212512,1.08522476856,3.28748637494,0.021626421518,-0.157631675661,0.0,457.11469550983054,458.2475575229811,456.9824739448854,456.3698631393682
1.620000000000001,-0.0282094544771,0.544989939826,12.687156958,0.136699491377,6.22254081915,0.0,0.143761987544,1.19040481519,3.50822669484,0.0524984753771,-0.154516836102,0.0,486.2967644439377,486.509140869429,485.09396192035786,487.40709068901225
1.680000000000001,-0.0180936683691,0.619672704095,12.9037204185,0.140041890377,6.21423464622,0.0,0.194352933693,1.29929366351,3.70973751256,0.0463444556997,-0.166544837598,0.0,482.85312961453536,481.9231367284519,482.9278487228137,482.46480907906727
1.740000000000001,-0.00460501124148,0.701220526795,13.1341751231,0.14363071785,6.20439773151,0.0,0.256453591458,1.41923717731,3.97097458727,0.0550648640954,-0.163258655959,0.0,501.68662075744146,501.9024772338811,500.593459415578,501.22885577404537
1.8000000000000012,0.0121619761811,0.788835603701,13.3718414558,0.150122590704,6.19893271646,0.0,0.302929403651,1.50180448515,3.95111336069,0.0342687163001,-0.141632028621,0.0,417.4530328873177,419.31141731383434,416.4672166016706,414.6457120294975
1.8600000000000012,0.0320210305102,0.881888271687,13.6105931797,0.164855040257,6.19042685005,0.0,0.359832359207,1.60125101186,4.00668198998,0.0720889600121,-0.142133761867,0.0,441.35753208924706,441.29723672632286,441.68846503909236,444.79832374521766
1.9200000000000013,0.05555129294,0.981316004631,13.8535679619,0.170985301043,6.1819138447,0.0,0.425331381189,1.71349486083,4.09188277743,0.0856543913306,-0.141533395881,0.0,453.00864990811334,453.03858456598147,452.2817464318072,453.377615778748
1.9800000000000013,0.0830371609976,1.08734877836,14.1001986236,0.177506866704,6.17348953878,0.0,0.491631180771,1.82143697186,4.12870584234,0.097388955596,-0.139641436747,0.0,438.94706206904726,439.0853252272016,437.99542794344774,438.9771926654352
2.0400000000000014,0.114779276722,1.20020174603,14.3501892651,0.18828515425,6.16921598107,0.0,0.566792395444,1.94125370012,4.20365220723,0.120552915111,-0.163069271767,0.0,452.5042575610761,450.5940770570439,451.47996259693105,453.3546945783091
2.1000000000000014,0.151108041261,1.3204344423,14.604359799,0.207127526704,6.15954024947,0.0,0.645058930633,2.06824064485,4.26776914144,0.0820086195509,-0.168072158437,0.0,450.1433392291404,449.71272108022947,452.01951956357243,448.91245686319917
2.1600000000000015,0.192775874756,1.44936668847,14.8657616626,0.220413690106,6.14945149921,0.0,0.74491185644,2.23078557465,4.44421827736,0.0491014363946,-0.170228376827,0.0,487.3319187528508,487.1461620771968,487.3325801454065,484.8698682834989
2.2200000000000015,0.2399768731,1.58718929664,15.1326917089,0.225669220484,6.13923671787,0.0,0.82934432829,2.36365234782,4.45299444275,0.0312106707564,-0.1725755153,0.0,437.7836874342221,437.55975856715247,436.8778980455588,435.38450319840547
2.2800000000000016,0.293147677843,1.73416517894,15.4049593485,0.227534223289,6.13204521631,0.0,0.943674652019,2.53544869703,4.62151129144,0.0307343022566,-0.19329608526,0.0,488.6746735268485,487.0994528935633,488.01565996080103,487.9803331352215
2.3400000000000016,0.352845454942,1.89075535955,15.6841423513,0.233340895354,6.12597458416,0.0,1.04678869177,2.68460567793,4.68385315416,0.00769494047887,-0.168715592978,0.0,456.47374288747494,458.3992220045826,458.71708102350823,456.88366477878316
2.4000000000000017,0.418596404866,2.05599236173,15.9654166987,0.23538422324,6.11679036454,0.0,1.14570279659,2.82329332308,4.69153758685,0.0203237334436,-0.159235480117,0.0,440.99161219581026,441.7477575650762,440.94583563011685,441.987934939119
2.4600000000000017,0.491069920721,2.23054254605,16.2511026935,0.24237103166,6.12437395293,0.0,1.2690140652,2.99552091975,4.83040146862,0.0454584980081,-0.205801455586,0.0,486.07771522270633,482.54805387584605,482.0695721434878,483.9655787446277
2.520000000000002,0.570110878014,2.41447370322,16.5407186147,0.246933322834,6.11516986047,0.0,1.36646686797,3.13575133648,4.82300040383,0.0293715725563,-0.187542025928,0.0,438.28872590362556,439.7644020194229,440.67146882876017,439.34030241112896
2.580000000000002,0.655412716805,2.60725966183,16.8314137144,0.24881996898,6.11314843473,0.0,1.47705293672,3.29039571483,4.8663029808,0.0322164978797,-0.155438965082,0.0,455.2775864515039,457.8101563457266,457.280341267798,457.5072191365668
2.640000000000002,0.747161765412,2.80900926697,17.1234003681,0.250817200717,6.10844684408,0.0,1.58158208173,3.43457362236,4.86622164517,0.0340411372955,-0.180228435512,0.0,444.64279239297764,442.5811941794452,444.338366327305,444.48836524264783
2.700000000000002,0.845069462711,3.01913856198,17.4142223539,0.256450250319,6.10038939713,0.0,1.68265840929,3.57001865739,4.82749380106,0.0536329935786,-0.163203431641,0.0,430.98688047668253,432.3934458259569,431.4932948941301,433.1453525710026
2.760000000000002,0.949115233274,3.23737565485,17.7023545355,0.261615328458,6.09132069211,0.0,1.78623665717,3.70478840042,4.77660338061,0.0677653809025,-0.173799368589,0.0,429.04034501169474,428.11184730073023,428.15461637350415,429.3580577472587
2.820000000000002,1.05957012648,3.46380698095,17.9875957753,0.265796672484,6.08089610918,0.0,1.89641311311,3.84306754003,4.73107133937,0.062654549433,-0.176360067483,0.0,430.9558170468196,430.7088581742505,431.9097913042184,431.4818276618559
2.880000000000002,1.17753588171,3.69950835734,18.2734575873,0.272155744157,6.07083258519,0.0,2.03659494301,4.01390745009,4.79655068893,0.04375064958,-0.185537006474,0.0,469.719487134708,468.97790190223577,468.98535335079566,467.51650570073065
2.940000000000002,1.30488340029,3.94649007969,18.5665962071,0.274894170088,6.06082710617,0.0,2.20915214188,4.2185396416,4.97308763728,0.0464294599804,-0.19842809258,0.0,505.7890220392611,504.82926019533204,504.6033262586102,504.79758018661164
3.000000000000002,1.44170291349,4.20444124188,18.865530173,0.279695280829,6.04946534509,0.0,2.35240136099,4.37991714263,4.99047165859,0.0296317559717,-0.19146155016,0.0,459.20004080072886,459.7162868313583,459.5387629180552,458.2058582569292
3.0600000000000023,1.58817048262,4.47309306762,19.1688531175,0.282335792934,6.03969430978,0.0,2.53057879181,4.57484415615,5.1188063503,0.0386762699949,-0.207065707543,0.0,496.7322989986369,495.5530263412871,495.3368906369895,496.00198902038244
3.1200000000000023,1.74478130687,4.75259164412,19.4768611538,0.284645559535,6.02733640188,0.0,2.69074235455,4.7415421886,5.14713685601,0.0378546489481,-0.211327753895,0.0,468.5282016525557,468.15629281585814,467.3120003397033,467.2485742329592
3.1800000000000024,1.9113070215,5.04217544868,19.7868058869,0.287954652588,6.01766447719,0.0,2.86081076538,4.91108814028,5.18329798919,0.0478784351107,-0.193493081902,0.0,471.6803696566766,473.01734554347314,472.21511711880964,472.98869188721204
3.2400000000000024,2.08767240017,5.34138569593,20.0969571353,0.292186746745,6.00769511303,0.0,3.01871382004,5.06259239854,5.1543566725,0.0338498318543,-0.208775235277,0.0,454.72769856468244,453.4637914990865,453.39245641099,452.2646776108677
3.3000000000000025,2.27304213987,5.6490693035,20.4031456592,0.300317131077,5.99535665661,0.0,3.1611332949,5.1938876389,5.05142931597,0.0055689710298,-0.205076615319,0.0,429.1627674155631,429.4326651114315,431.3773804795261,428.98209970898273
3.3600000000000025,2.46693299254,5.96447964432,20.7024412454,0.300658550922,5.98327980912,0.0,3.30275957775,5.31957419686,4.9250435398,0.00284792722422,-0.200913929645,0.0,422.0916583119833,422.40776659259626,422.29745210589437,422.0625206241695
3.4200000000000026,2.67042836321,6.28827515781,20.9970110482,0.301025331578,5.97171274507,0.0,3.48120377051,5.4731878386,4.89326123355,0.00664282084979,-0.209859710342,0.0,455.97644805180965,455.22132144987074,455.4156455661577,455.7190837508801
3.4800000000000026,2.88410455108,6.62057400267,21.2875062611,0.301690979601,5.9591896362,0.0,3.64219479005,5.60316656007,4.78962399947,-0.000344134196934,-0.214169239892,0.0,432.22846726238714,431.81959152230405,432.65858847278366,432.06969007351216
3.5400000000000027,3.10813898658,6.96110925023,21.5732671352,0.306168150303,5.95362937926,0.0,3.82587016167,5.74801703793,4.73513499389,-0.0248073563557,-0.1857694527,0.0,449.50171548159267,451.7574701569595,450.7437867466451,448.76197391946704
3.6000000000000028,3.34403193642,7.31106703322,21.8580208106,0.306203880208,5.96199284162,0.0,4.03599939293,5.91687487028,4.75636646566,-0.0124302108369,-0.235371169044,0.0,477.34523754346327,473.5064299770464,476.8351694956,477.78003228702477
3.660000000000003,3.59137301372,7.6701746313,22.1411149134,0.305759916818,5.9492837152,0.0,4.20953375636,6.05292050881,4.67963117859,-0.0197671775169,-0.249650293035,0.0,445.08401763791045,443.8558163074813,445.0358631656318,444.4348449305024
3.720000000000003,3.85092143078,8.03873796727,22.4239173612,0.30456797292,5.93446238608,0.0,4.44306374018,6.23160558772,4.74552672442,-0.0218219729281,-0.246339044054,0.0,492.8194235328276,493.0089446485095,493.7542938179534,493.6027064291177
3.780000000000003,4.1240075125,8.41729392366,22.7086281096,0.303276327153,5.9209832373,0.0,4.66061818974,6.38615965502,4.74373703346,-0.021135015102,-0.260094114562,0.0,475.3800897644529,474.2658045217824,474.62415746802867,474.67691990809453
3.840000000000003,4.40918704705,8.80409939384,22.990174349,0.307716890609,5.90580929473,0.0,4.84629503794,6.50721127799,4.64039636354,0.00386572727272,-0.253998715511,0.0,442.8031661992174,443.2373088596457,441.1137353038528,443.1741893400931
3.900000000000003,4.70659202797,9.19886269565,23.2676758395,0.307999286323,5.90800365123,0.0,5.06664675893,6.6511874237,4.60930105379,-7.17479640209e-05,-0.209444994958,0.0,466.9446145332108,470.35466315736744,469.2080759726805,468.9021500844129
3.960000000000003,5.01576789107,9.60113572515,23.5399373388,0.308207188764,5.8984340634,0.0,5.23978599117,6.7576118127,4.46601806743,-0.00645866741843,-0.191643844613,0.0,430.00609890602465,431.46991851542015,430.2594796948069,429.71826546243926
4.020000000000002,5.33594160507,10.0101137375,23.8047445716,0.313046535722,5.8880537624,0.0,5.43317663285,6.87489589074,4.36026471814,0.0174145498143,-0.181198549654,0.0,444.67381883513326,445.4946071230453,442.77984609752275,444.740141895392
4.080000000000001,5.66627236707,10.4249666244,24.0595751907,0.314079446483,5.87725798071,0.0,5.57854818708,6.9534256333,4.13451055101,0.0161462746614,-0.185652272145,0.0,401.0575537605495,400.61636872325715,399.7601673993492,399.6444922763168
4.14,6.00935337754,10.8472969464,24.3094996804,0.316626248832,5.86712940083,0.0,5.85767590936,7.12363996726,4.19444587619,0.00113312799251,-0.175776057523,0.0,500.57076436369886,501.26107900307915,502.91765258396714,501.82864086465514
4.199999999999998,6.36668611439,11.2779282141,24.55723701,0.316694221447,5.85678653233,0.0,6.05391788474,7.23031560271,4.06316912407,-0.00126597530109,-0.171889381219,0.0,440.4871679463949,440.77901066452864,439.19693005832704,438.9978281243975
4.259999999999997,6.73499080849,11.7143000493,24.7952680067,0.319054469185,5.86420331234,0.0,6.22242289673,7.31552980711,3.87205615194,0.0146742152347,-0.126948718382,0.0,414.99040586545084,418.89292361135836,416.882753462038,418.273735007471
4.319999999999996,7.11331943085,12.1557965896,25.0219616947,0.321488585905,5.85793179988,0.0,6.38883178622,7.40093191067,3.68461589333,0.0271810785582,-0.115386643795,0.0,416.62874186324785,417.6239821745586,416.26556275441635,417.35897474582805
4.379999999999995,7.50313528018,12.6034042605,25.2404681684,0.323130016155,5.85147834977,0.0,6.60509167531,7.51895491256,3.59840353132,0.0276266055706,-0.108983984199,0.0,454.41745498297644,454.9194910695595,454.00831234885914,454.044229302878
4.439999999999993,7.90544389157,13.0576966118,25.4526791371,0.329991387121,5.84497420757,0.0,6.80524749403,7.62421325287,3.47473331285,0.00140869002131,-0.112557315119,0.0,442.08292234112656,441.7774824516427,443.53539617624034,441.3761769931244
4.499999999999992,8.32133174844,13.519372285,25.6605031,0.330580883096,5.83827854777,0.0,7.05755299162,7.76432453463,3.4517328124,0.00808508939047,-0.116652049455,0.0,479.3289363037134,479.007026966579,478.9975203966776,479.5050658531235
4.559999999999991,8.75292512614,13.9897361525,25.8679123658,0.333512007656,5.83126750377,0.0,7.32863695217,7.91394444234,3.46043914908,-0.0102893162074,-0.117746574822,0.0,492.7379826828108,492.6462363910998,492.84856012376474,491.488173881267
4.6199999999999894,9.1993117415,14.4680231049,26.0728712036,0.332914609519,5.83363579123,0.0,7.55026766604,8.02855144962,3.371604808,-0.00953092125159,-0.0852810899604,0.0,459.3850340625477,461.9434542708556,461.7548240514701,461.8147982042323
4.679999999999988,9.66011341242,14.9539662917,26.2749929819,0.333784840199,5.83652923072,0.0,7.80867224238,8.16908979122,3.36528716072,0.00247859550275,-0.117508740142,0.0,491.0194254665937,488.6149472007378,489.1168208901862,490.0107843826274
4.739999999999987,10.1334434782,15.4463636434,26.4711062278,0.344482721569,5.82946889585,0.0,7.96913066806,8.24454394196,3.17152498536,-0.0343211210574,-0.118195126529,0.0,424.1788459334593,424.1067090904319,425.4952060646929,422.33173484483024
4.799999999999986,10.616250146,15.94321008,26.655206014,0.344717441817,5.82240081688,0.0,8.12473350812,8.31678122969,2.9655264808,-0.052156208305,-0.117327736783,0.0,419.0815262707553,419.14354899082133,420.45633681111957,418.9067129417516
4.859999999999984,11.1093464842,16.4449637761,26.8287870498,0.341586426048,5.82491737734,0.0,8.31133414618,8.40794335628,2.82125306126,-0.0544716459391,-0.152413504782,0.0,443.73980334923164,440.8336211273192,441.10024412688534,440.9070629613863
4.919999999999983,11.6152858296,16.9532548842,26.9970838533,0.340112231584,5.8162164814,0.0,8.55326487035,8.53418868996,2.78766724299,-0.0409500620794,-0.161011296459,0.0,480.03730239717476,479.3633379877013,481.1423912323863,482.1639856150654
4.979999999999982,12.1331431312,17.4672489767,27.1583701669,0.340216683894,5.81140937104,0.0,8.70876927099,8.59874258584,2.58907177054,-0.0245771047342,-0.186375833716,0.0,422.8580535975229,420.6371174621693,420.7648875523388,422.179901981712
5.0399999999999805,12.662376469,17.9863704218,27.3115135854,0.338784705798,5.80025694879,0.0,8.93253644024,8.70447476641,2.51483931936,-0.0283380770732,-0.189826169266,0.0,467.9588570459354,467.6578600422744,467.7959533933923,467.5028041304626
